2001
196 197
176 182
171 172
143 153
153 158
147 151
151 153
153 159
150 167
159 161
161 165
150 158
127 140
114 116
116 118
118 127
127 133
133 141
141 151
146 170
170 171
168 189
189 194
191 205
205 210
194 195
191 231
231 241
239 241
241 245
245 255
239 244
244 245
245 246
246 260
260 262
253 262
262 268
268 289
278 279
279 293
293 312
307 308
308 333
333 336
325 329
329 338
334 337
330 340
340 341
338 344
344 359
359 361
359 377
377 411
411 450
450 459
444 460
457 458
454 456
456 460
460 465
465 470
446 448
448 449
449 451
448 463
463 470
470 492
492 504
504 506
506 508
501 535
535 539
539 547
547 549
548 563
563 565
564 571
571 586
586 599
588 591
591 597
597 611
610 617
617 619
617 618
603 604
590 593
577 604
604 611
611 612
610 634
634 651
633 634
611 623
623 626
626 631
631 632
631 659
659 672
672 686
681 682
666 668
668 682
680 681
681 700
700 701
685 693
691 693
692 700
700 704
704 713
713 716
715 727
713 718
714 715
709 718
717 719
719 720
705 716
716 719
719 735
735 746
729 735
726 743
743 744
730 735
735 738
736 743
743 752
752 754
754 758
758 767
753 754
754 756
754 758
750 754
739 740
738 740
740 746
746 747
747 772
772 775
768 769
769 781
781 782
782 788
788 799
799 813
782 783
783 785
761 771
771 798
798 808
808 810
810 811
811 829
829 840
826 833
829 833
815 816
816 818
809 810
810 813
813 819
765 786
786 793
787 790
790 791
791 794
790 801
801 804
781 794
778 779
777 778
778 786
773 775
775 783
781 790
781 782
782 791
791 792
792 815
815 816
780 781
781 785
724 725
724 726
725 727
706 721
721 731
731 739
739 759
749 767
766 787
787 788
788 812
812 826
826 828
828 829
829 835
808 813
813 827
827 847
847 848
848 853
853 857
857 859
859 860
860 864
864 867
867 871
870 877
840 844
844 848
846 853
853 860
860 866
862 867
867 885
885 898
898 929
929 935
935 944
944 946
946 952
952 961
961 975
966 983
981 986
1001 996
982 984
984 991
982 990
984 991
991 992
992 997
994 998
1004 1010
1010 1011
1010 1013
1013 1016
1016 1025
1025 1027
1027 1029
1029 1040
1038 1041
1041 1045
1045 1047
1047 1048
1048 1050
1023 1024
1019 1025
1025 1035
1035 1036
1036 1045
1045 1052
1052 1053
1049 1050
1048 1049
1049 1059
1059 1061
1031 1032
1032 1042
1042 1051
1051 1055
1055 1064
1032 1037
1037 1039
1039 1061
1061 1087
1087 1088
1080 1085
1052 1054
1054 1060
1060 1062
1062 1063
1062 1063
1048 1054
1022 1034
1034 1038
1038 1039
1036 1045
1045 1055
1053 1058
1058 1088
1088 1089
1086 1095
1095 1096
1087 1095
1095 1099
1091 1093
1061 1078
1073 1079
1079 1082
1068 1079
1067 1068
1068 1084
1084 1091
1091 1096
1047 1065
1056 1069
1069 1070
1070 1072
1072 1081
1081 1083
1083 1084
1078 1079
1079 1080
1080 1082
1082 1085
1081 1085
1085 1086
1086 1094
1094 1096
1096 1097
1079 1081
1081 1082
1077 1084
1084 1085
1084 1088
1088 1091
1091 1092
1092 1101
1101 1102
1101 1116
1114 1117
1117 1123
1111 1116
1116 1119
1118 1130
1116 1119
1119 1122
1120 1121
1121 1150
1150 1153
1153 1156
1156 1162
1162 1163
1163 1189
1189 1191
1191 1192
1140 1149
1149 1160
1142 1147
1147 1148
1148 1170
1169 1188
1188 1190
1189 1193
1181 1188
1188 1193
1192 1194
1194 1216
1216 1223
1199 1214
1214 1218
1211 1212
1212 1222
1222 1227
1227 1234
1234 1244
1235 1238
1232 1238
1217 1218
1218 1229
1212 1236
1236 1237
1237 1240
1240 1255
1255 1257
1257 1258
1258 1261
1255 1258
1256 1258
1258 1279
1274 1282
1282 1292
1292 1293
1293 1296
1287 1323
1322 1332
1332 1333
1316 1327
1327 1332
1332 1334
1311 1315
1315 1317
1317 1320
1320 1359
1359 1362
1360 1362
1362 1372
1372 1377
1377 1389
1373 1380
1380 1388
1388 1395
1375 1382
1382 1383
1352 1356
1356 1360
1355 1367
1367 1371
1371 1382
1382 1409
1379 1421
1421 1429
1429 1430
1430 1448
1448 1451
1451 1452
1439 1460
1429 1430
1416 1417
1417 1454
1454 1472
1472 1473
1473 1476
1475 1477
1476 1482
1481 1489
1488 1490
1490 1495
1493 1500
1500 1517
1494 1502
1502 1505
1505 1536
1536 1537
1537 1538
1538 1543
1541 1554
1553 1555
1555 1558
1549 1550
1550 1557
1557 1558
1558 1560
1560 1561
1561 1565
1560 1565
1565 1572
1572 1573
1573 1575
1571 1581
1581 1605
1605 1614
1611 1619
1612 1616
1616 1629
1628 1632
1632 1635
1635 1644
1637 1638
1613 1614
1614 1615
1609 1611
1611 1620
1608 1612
1612 1646
1646 1647
1647 1665
1665 1668
1665 1668
1668 1676
1676 1677
1677 1682
1682 1695
1695 1696
1696 1708
1708 1709
1668 1669
1655 1667
1667 1681
1681 1689
1689 1710
1710 1718
1718 1749
1746 1749
1749 1752
1743 1745
1743 1744
1724 1728
1727 1739
1739 1740
1733 1739
1739 1740
1740 1757
1757 1759
1758 1759
1759 1762
1762 1802
1786 1787
1787 1793
1793 1794
1794 1797
1797 1798
1798 1800
1800 1803
1792 1793
1793 1795
1771 1772
1772 1774
1774 1778
1765 1766
1766 1767
1767 1769
1769 1771
1771 1772
1772 1788
1781 1790
1789 1791
1791 1813
1809 1810
1810 1813
1813 1814
1814 1819
1819 1823
1814 1822
1822 1826
1812 1817
1814 1818
1800 1801
1801 1804
1800 1802
1802 1813
1813 1825
1822 1832
1832 1840
1840 1841
1830 1834
1834 1835
1835 1841
1840 1845
1845 1881
1881 1883
1883 1887
1886 1890
1889 1896
1896 1897
1897 1917
1917 1923
1923 1925
1923 1924
1899 1904
1904 1905
1905 1907
1905 1908
1908 1922
1912 1920
1920 1924
1920 1921
1919 1935
1935 1937
1937 1955
1955 1956
1956 1967
1967 1972
1972 1977
1977 1984
1982 1986
1975 2005
2005 2007
2007 2018
2018 2027
2027 2040
2039 2040
2040 2042
2040 2041
2034 2060
2060 2066
2066 2074
2074 2076
2076 2080
2080 2081
2081 2082
2066 2071
2071 2074
2069 2070
2070 2076
2075 2079
2079 2082
2080 2085
2085 2093
2093 2097
2091 2096
2096 2097
2097 2106
2103 2110
2097 2110
2110 2113
2097 2102
2102 2103
2103 2107
2103 2117
2097 2105
2099 2101
2094 2102
2057 2071
2071 2073
2073 2075
2060 2064
2064 2081
2055 2056
2056 2064
2064 2066
2066 2067
2067 2069
2069 2070
2070 2076
2074 2101
2099 2116
2115 2119
2119 2129
2122 2126
2126 2143
2140 2141
2141 2146
2145 2148
2148 2164
2148 2152
2129 2131
2118 2123
2123 2129
2129 2130
2127 2133
2132 2142
2142 2143
2143 2157
2139 2141
2139 2140
2140 2142
2126 2128
2128 2129
2129 2131
2126 2146
2134 2153
2139 2161
2161 2165
2165 2169
2150 2151
2151 2153
2153 2176
2176 2183
2182 2188
2160 2161
2161 2165
2165 2173
2140 2161
2148 2164
2164 2165
2165 2176
2163 2168
2158 2159
2159 2194
2194 2201
2201 2203
2202 2211
2211 2213
2193 2199
2199 2201
2199 2206
2206 2231
2231 2239
2239 2246
2246 2249
2249 2265
2265 2266
2266 2267
2267 2281
2281 2291
2291 2292
2292 2293
2293 2296
2273 2275
2274 2286
2286 2291
2291 2301
2300 2302
2298 2300
2288 2298
2298 2300
2291 2309
2303 2304
2304 2309
2309 2318
2308 2315
2313 2315
2314 2315
2315 2325
2325 2326
2308 2314
2311 2312
2304 2310
2308 2311
2289 2290
2290 2292
2289 2290
2288 2300
2300 2302
2302 2307
2307 2313
2309 2310
2310 2312
2312 2313
2313 2314
2314 2315
2308 2309
2309 2313
2313 2325
2291 2301
2298 2307
2307 2309
2308 2345
2341 2342
2342 2345
2345 2360
2360 2367
2367 2371
2371 2374
2368 2369
2369 2375
2375 2406
2405 2422
2422 2423
2416 2417
2417 2421
2421 2427
2427 2445
2445 2449
2432 2448
2448 2454
2429 2430
2430 2439
2415 2418
2418 2425
2401 2414
2412 2416
2416 2432
2432 2450
2426 2427
2427 2428
2427 2429
2429 2430
2430 2434
2434 2438
2431 2433
2427 2433
2433 2455
2455 2462
2462 2463
2463 2465
2461 2462
2462 2463
2463 2496
2496 2497
2470 2475
2475 2483
2483 2491
2491 2492
2492 2505
2505 2510
2510 2511
2507 2508
2506 2507
2505 2506
2504 2524
2524 2528
2519 2527
2527 2543
2543 2549
2549 2555
2555 2567
2555 2561
2560 2561
2530 2532
2528 2529
2506 2520
2520 2526
2526 2527
2527 2531
2531 2534
2534 2544
2544 2545
2541 2543
2543 2544
2542 2558
2558 2560
2558 2559
2551 2558
2558 2573
2573 2590
2565 2569
2569 2580
2580 2596
2596 2597
2585 2586
2586 2587
2587 2598
2587 2588
2567 2579
2579 2581
2572 2577
2574 2582
2582 2585
2585 2592
2592 2600
2600 2601
2601 2608
2606 2609
2609 2612
2612 2619
2619 2631
2631 2636
2633 2640
2640 2654
2598 2600
2600 2604
2604 2608
2600 2607
2607 2623
2623 2624
2624 2633
2632 2637
2637 2655
2655 2658
2658 2662
2662 2675
2675 2676
2676 2699
2699 2711
2711 2714
2710 2718
2718 2750
2713 2714
2714 2737
2737 2739
2733 2736
2736 2754
2754 2773
2773 2776
2776 2794
2794 2795
2795 2823
2823 2825
2825 2826
2826 2828
2828 2830
2815 2823
2821 2825
2825 2829
2829 2833
2833 2834
2832 2844
2838 2840
2840 2845
2837 2849
2849 2878
2858 2859
2859 2864
2864 2868
2868 2870
2859 2860
2858 2860
2851 2852
2852 2856
2818 2820
2820 2822
2818 2819
2819 2823
2823 2827
2827 2836
2834 2835
2835 2842
2842 2856
2853 2854
2854 2855
2854 2858
2858 2859
2859 2866
2866 2872
2869 2875
2874 2888
2881 2883
2883 2900
2880 2882
2882 2883
2883 2886
2886 2887
2887 2903
2876 2877
2875 2887
2863 2865
2865 2880
2880 2885
2866 2882
2882 2883
2873 2876
2875 2912
2912 2916
2916 2932
2906 2911
2911 2912
2903 2929
2905 2906
2906 2909
2895 2903
2903 2918
2918 2945
2945 2946
2919 2923
2923 2943
2943 2947
2947 2950
2950 2951
2951 2963
2963 2978
2954 2955
2955 2957
2957 2969
2969 2972
2972 2984
2984 2987
2969 2970
2970 2974
2974 2981
2946 2952
2952 2966
2966 2968
2968 2969
2969 2970
2941 2949
2939 2940
2940 2953
2953 2959
2947 2957
2957 2963
2963 2968
2904 2907
2907 2928
2928 2948
2948 2961
2961 2969
2963 2980
2980 2985
2985 2986
2986 2987
2987 3015
3015 3017
3017 3027
3027 3028
3028 3031
3031 3040
3040 3043
3043 3044
3043 3054
3053 3055
3047 3051
3025 3030
3030 3040
3040 3044
3044 3046
3046 3049
3049 3054
3054 3057
3057 3059
3056 3060
3060 3068
3068 3085
3085 3104
3104 3108
3108 3114
3114 3115
3115 3118
3118 3121
3118 3132
3132 3134
3111 3112
3080 3097
3086 3088
3088 3089
3089 3093
3092 3096
3096 3126
3126 3127
3127 3128
3128 3133
3133 3134
3134 3137
3137 3138
3135 3141
3141 3142
3142 3143
3143 3162
3149 3166
3166 3172
3170 3171
3171 3185
3185 3187
3187 3193
3192 3196
3186 3203
3203 3213
3213 3216
3216 3238
3237 3246
3246 3247
3247 3252
3241 3246
3246 3253
3251 3258
3258 3271
3271 3274
3268 3274
3269 3272
3266 3277
3270 3274
3274 3285
3255 3256
3247 3248
3248 3252
3252 3259
3252 3253
3253 3259
3259 3263
3240 3254
3254 3257
3241 3250
3250 3251
3251 3254
3254 3271
3271 3273
3273 3281
3281 3295
3295 3296
3293 3299
3292 3301
3301 3304
3304 3306
3301 3303
3303 3304
3273 3276
3276 3302
3302 3307
3307 3316
3316 3317
3288 3296
3296 3298
3298 3313
3312 3313
3292 3295
3295 3315
3315 3316
3308 3311
3294 3327
3327 3331
3330 3333
3333 3352
3352 3360
3360 3362
3362 3366
3357 3361
3338 3364
3364 3365
3365 3368
3368 3375
3375 3385
3385 3389
3389 3390
3389 3407
3407 3408
3402 3433
3433 3437
3435 3439
3439 3454
3425 3426
3422 3426
3419 3420
3416 3417
3417 3426
3426 3427
3403 3406
3395 3396
3396 3397
3397 3398
3398 3399
3399 3407
3407 3409
3409 3410
3391 3408
3408 3419
3419 3425
3425 3428
3420 3423
3423 3424
3424 3426
3426 3437
3437 3440
3434 3436
3436 3440
3440 3443
3443 3444
3444 3450
3450 3454
3454 3455
3455 3460
3460 3484
3482 3487
3487 3489
3489 3492
3492 3493
3493 3498
3478 3479
3478 3505
3505 3506
3506 3508
3498 3499
3489 3490
3490 3492
3490 3492
3487 3488
3488 3491
3484 3486
3486 3487
3459 3463
3463 3476
3464 3465
3465 3474
3474 3487
3463 3469
3448 3452
3452 3461
3461 3463
3463 3466
3466 3470
3470 3475
3475 3488
3472 3475
3430 3439
3439 3440
3437 3442
3442 3443
3443 3446
3446 3447
3442 3453
3453 3462
3462 3463
3462 3463
3449 3450
3447 3451
3451 3454
3454 3459
3459 3460
3460 3461
3461 3463
3463 3466
3466 3467
3467 3468
3468 3469
3469 3474
3474 3481
3480 3481
3481 3482
3472 3484
3484 3502
3502 3522
3507 3509
3473 3495
3494 3495
3493 3500
3500 3503
3503 3516
3516 3518
3517 3524
3524 3528
3528 3531
3525 3527
3520 3526
3526 3527
3521 3527
3521 3524
3524 3525
3519 3520
3520 3540
3540 3566
3566 3577
3575 3576
3561 3562
3562 3563
3563 3571
3571 3572
3572 3577
3575 3607
3606 3611
3611 3612
3612 3613
3613 3614
3614 3615
3605 3619
3618 3624
3624 3634
3634 3639
3638 3660
3660 3661
3650 3651
3651 3652
3648 3649
3649 3653
3653 3655
3650 3651
3650 3685
3656 3670
3670 3687
3687 3696
3682 3685
3685 3688
3659 3664
3664 3676
3676 3689
3689 3694
3694 3697
3697 3713
3705 3706
3706 3725
3723 3728
[ 1227, 773 ]
